DIFF_NS,DIFF_ND,DIFF_NF,DIFF_EN,SIZE_LA,SIZE_LD,SIZE_LT,SIZE_TFC,PURP_FIX,PURP_MR,PURP_CFT,HIST_NDEV,HIST_AGE,HIST_NUC,EXP_EXP,EXP_REXP,EXP_SEXP,TEXT_CM,SKIP_DOC,SKIP_MET,SKIP_COM,SKIP_FRM,SKIP_BLD,LABEL,CM_add,CM_cn,CM_doc,CM_fix,CM_merge,CM_pull,CM_readme,CM_request,CM_test,CM_update
0,1,1,0.0,7,0,0,0,0,0,0,0,0,0,0,0,0,0,1,0,0,0,0,0,0.0,0.0,0.0,0.0,0.0,0.0,0.0,0.0,0.0,0.0
0,0,1,0.0,3,0,0,0,0,0,0,0,0,0,0,0,0,0,1,0,0,0,0,0,0.0,0.0,0.0,0.0,0.0,0.0,0.0,0.0,0.0,1.0
0,0,1,0.0,5,0,0,0,0,0,0,0,0,0,0,0,0,0,1,0,0,0,0,0,0.0,0.0,0.0,0.0,0.0,0.0,0.7653301553951272,0.0,0.0,0.6436379053807122
0,2,2,0.345679012345679,24,12,0,0,1,0,0,0,0,0,0,0,0,0,1,0,0,0,0,0,0.0,0.0,0.0,0.6777276036589885,0.0,0.0,0.0,0.0,0.7353130593418322,0.0
0,0,1,0.0,1,1,0,0,0,0,0,0,0,0,0,0,0,0,1,0,0,0,0,0,0.0,0.0,0.0,0.0,0.0,0.0,0.0,0.0,0.0,1.0
0,1,1,0.0,2,3,0,0,0,0,0,0,0,0,0,0,0,0,1,0,0,0,0,0,0.0,0.0,0.0,0.0,0.0,0.0,0.0,0.0,0.0,1.0
0,0,2,0.345679012345679,5,4,0,0,0,0,0,0,0,0,0,0,0,0,1,0,0,0,0,0,0.0,0.0,0.0,0.0,0.0,0.0,0.0,0.0,0.0,0.0
0,4,5,0.46950647401013323,53,20,0,0,0,0,0,0,0,0,0,0,0,0,1,0,0,0,0,0,0.0,0.0,0.0,0.0,0.0,0.0,0.0,0.0,0.0,0.0
0,0,4,0.670138888888889,17,7,0,0,0,0,0,0,0,0,0,0,0,0,1,0,0,0,0,0,0.0,0.0,0.0,0.0,0.0,0.0,0.0,0.0,0.0,1.0
0,1,1,0.0,3,5,0,0,1,0,0,0,0,0,0,0,0,0,1,0,0,0,0,0,0.0,0.0,0.0,0.4393033185284253,0.4998745549922125,0.5277963734250408,0.0,0.5277963734250408,0.0,0.0
0,1,1,0.0,3,5,0,0,1,0,0,0,0,0,0,0,0,0,1,0,0,0,0,0,0.0,0.0,0.0,0.0,0.0,0.0,0.0,0.0,0.0,0.0
0,0,2,0.17999999999999994,10,10,0,0,0,0,0,0,0,0,0,0,0,0,1,0,0,0,0,0,0.0,0.0,0.0,0.4393033185284253,0.4998745549922125,0.5277963734250408,0.0,0.5277963734250408,0.0,0.0
0,0,2,0.17999999999999994,10,10,0,0,0,0,0,0,0,0,0,0,0,0,1,0,0,0,0,0,0.0,0.0,0.0,1.0,0.0,0.0,0.0,0.0,0.0,0.0
0,0,1,0.0,1,1,0,0,0,0,0,0,0,0,0,0,0,0,1,0,0,0,0,1,0.0,0.0,0.0,0.0,0.0,0.0,0.0,0.0,0.0,1.0
0,1,1,0.0,49,0,0,0,0,0,0,0,0,0,0,0,0,0,1,0,0,0,0,0,0.7237334525998316,0.0,0.0,0.0,0.0,0.0,0.0,0.0,0.6900796255418119,0.0
0,4,9,0.8301015697137581,92,22,0,0,0,0,0,0,0,0,0,0,0,0,1,0,0,0,0,0,0.0,0.0,0.0,0.0,0.0,0.0,0.0,0.0,0.0,0.0
0,0,1,0.0,7,0,0,0,0,0,0,0,0,0,0,0,0,0,1,0,0,0,0,1,0.0,0.8517573496398766,0.0,0.0,0.0,0.0,0.40098437469864695,0.0,0.0,0.3372253676430466
0,0,1,0.0,7,5,0,0,0,0,0,0,0,0,0,0,0,0,1,0,0,0,0,1,0.8386414988781025,0.0,0.0,0.0,0.0,0.0,0.4168629333448305,0.0,0.0,0.3505791368045635
0,0,1,0.0,1,1,0,0,0,0,0,0,0,0,0,0,0,0,1,0,0,0,0,1,0.0,0.0,0.0,0.0,0.0,0.0,0.7653301553951272,0.0,0.0,0.6436379053807122
0,0,1,0.0,1,1,0,0,0,0,0,0,0,0,0,0,0,0,1,0,0,0,0,1,0.8386414988781025,0.0,0.0,0.0,0.0,0.0,0.4168629333448305,0.0,0.0,0.3505791368045635
0,0,1,0.0,4,2,0,0,0,0,0,0,0,0,0,0,0,0,1,0,0,0,0,1,0.0,0.0,0.0,0.0,0.0,0.0,0.7653301553951272,0.0,0.0,0.6436379053807122
0,0,1,0.0,2,2,0,0,0,0,0,0,0,0,0,0,0,0,1,0,0,0,0,1,0.0,0.0,0.0,0.0,0.0,0.0,0.7653301553951272,0.0,0.0,0.6436379053807122
0,0,1,0.0,2,2,0,0,0,0,0,0,0,0,0,0,0,0,1,0,0,0,0,1,0.0,0.0,0.0,0.0,0.0,0.0,0.7653301553951272,0.0,0.0,0.6436379053807122
0,0,1,0.0,2,0,0,0,0,0,0,0,0,0,0,0,0,0,1,0,0,0,0,1,0.0,0.8517573496398766,0.0,0.0,0.0,0.0,0.40098437469864695,0.0,0.0,0.3372253676430466
0,0,1,0.0,3,3,0,0,0,0,0,0,0,0,0,0,0,0,1,0,0,0,0,1,0.0,0.0,0.0,0.0,0.0,0.0,0.7653301553951272,0.0,0.0,0.6436379053807122
0,0,1,0.0,3,2,0,0,0,0,0,0,0,0,0,0,0,0,1,0,0,0,0,1,0.0,0.0,0.0,0.0,0.0,0.0,0.7653301553951272,0.0,0.0,0.6436379053807122
0,0,1,0.0,5,1,0,0,0,0,0,0,0,0,0,0,0,0,1,0,0,0,0,1,0.0,0.0,0.0,0.0,0.0,0.0,0.7653301553951272,0.0,0.0,0.6436379053807122
0,1,4,0.6487603305785123,13,9,0,0,1,0,0,0,0,0,0,0,0,0,1,0,0,0,0,0,0.0,0.0,0.0,1.0,0.0,0.0,0.0,0.0,0.0,0.0
0,6,8,0.7646090534979424,167,103,0,0,0,0,0,0,0,0,0,0,0,0,1,0,0,0,0,0,0.0,0.0,0.0,0.0,0.0,0.0,0.0,0.0,1.0,0.0
0,1,1,0.0,2,1,0,0,0,0,0,0,0,0,0,0,0,0,1,0,0,0,0,0,0.0,0.0,0.0,0.0,0.0,0.0,0.0,0.0,1.0,0.0
0,7,8,0.6633604443562784,124,18,0,0,0,0,0,0,0,0,0,0,0,0,1,0,0,0,0,0,0.0,0.0,0.0,0.0,0.0,0.0,0.0,0.0,1.0,0.0
0,1,1,0.0,32,1,0,0,0,0,0,0,0,0,0,0,0,0,1,0,0,0,0,0,0.0,0.0,0.0,0.0,0.0,0.0,0.0,0.0,0.9158480626470128,0.4015250006484193
0,1,5,0.732421875,19,13,0,0,0,0,0,0,0,0,0,0,0,0,1,0,0,0,0,0,0.0,0.0,0.0,0.0,0.0,0.0,0.0,0.0,0.0,0.0
0,0,1,0.0,3,3,0,0,0,0,0,0,0,0,0,0,0,0,1,0,0,0,0,0,0.0,0.0,0.0,0.0,0.0,0.0,0.0,0.0,0.0,1.0
0,3,8,0.6961588480176691,287,84,0,0,0,0,0,0,0,0,0,0,0,0,1,0,0,0,0,0,0.0,0.0,0.0,0.0,0.0,0.0,0.0,0.0,0.0,0.0
0,0,1,0.0,4,0,0,0,0,0,0,0,0,0,0,0,0,0,1,0,0,0,0,1,0.0,0.0,0.0,0.0,0.0,0.0,1.0,0.0,0.0,0.0
0,0,2,0.2777777777777777,10,2,0,0,0,0,0,0,0,0,0,0,0,0,1,0,0,0,0,1,0.0,0.0,0.0,0.0,0.0,0.0,0.7653301553951272,0.0,0.0,0.6436379053807122
0,0,1,0.0,3,0,0,0,0,0,0,0,0,0,0,0,0,0,1,0,0,0,0,1,0.0,0.8517573496398766,0.0,0.0,0.0,0.0,0.40098437469864695,0.0,0.0,0.3372253676430466
0,0,1,0.0,3,0,0,0,0,0,0,0,0,0,0,0,0,0,1,0,0,0,0,1,0.0,0.0,0.0,0.0,0.0,0.0,0.7653301553951272,0.0,0.0,0.6436379053807122
0,0,1,0.0,8,2,0,0,0,0,0,0,0,0,0,0,0,0,1,0,0,0,0,1,0.0,0.0,0.9191993307415464,0.0,0.0,0.0,0.0,0.0,0.0,0.3937925727642578
0,5,6,0.5029603964738388,165,137,0,0,1,0,0,0,0,0,0,0,0,0,1,0,0,0,0,0,0.0,0.0,0.0,1.0,0.0,0.0,0.0,0.0,0.0,0.0
0,0,1,0.0,1,1,0,0,1,0,0,0,0,0,0,0,0,0,1,0,0,0,0,0,0.0,0.0,0.0,1.0,0.0,0.0,0.0,0.0,0.0,0.0
0,4,8,0.7900012075836251,51,40,0,0,1,0,0,0,0,0,0,0,0,0,1,0,0,0,0,0,0.0,0.0,0.0,1.0,0.0,0.0,0.0,0.0,0.0,0.0
0,7,20,0.8808636801386489,634,93,0,0,0,0,0,0,0,0,0,0,0,0,1,0,0,0,0,0,0.0,0.0,0.0,0.0,0.0,0.0,0.0,0.0,0.0,0.0
0,0,1,0.0,1,1,0,0,0,0,0,0,0,0,0,0,0,0,1,0,0,0,0,1,0.0,0.0,0.0,0.0,0.0,0.0,0.7653301553951272,0.0,0.0,0.6436379053807122
0,0,1,0.0,1,1,0,0,0,0,0,0,0,0,0,0,0,0,1,0,0,0,0,1,0.0,0.0,0.0,0.0,0.0,0.0,0.7653301553951272,0.0,0.0,0.6436379053807122
0,0,1,0.0,2,0,0,0,0,0,0,0,0,0,0,0,0,0,1,0,0,0,0,1,0.0,0.0,0.0,0.0,0.0,0.0,0.7653301553951272,0.0,0.0,0.6436379053807122
0,0,1,0.0,1,1,0,0,0,0,0,0,0,0,0,0,0,0,1,0,0,0,0,1,0.0,0.0,0.0,0.0,0.0,0.0,0.7653301553951272,0.0,0.0,0.6436379053807122
0,0,1,0.0,1,1,0,0,0,0,0,0,0,0,0,0,0,0,1,0,0,0,0,1,0.0,0.0,0.0,0.0,0.0,0.0,0.7653301553951272,0.0,0.0,0.6436379053807122
0,0,1,0.0,2,2,0,0,0,0,0,0,0,0,0,0,0,0,1,0,0,0,0,1,0.0,0.8517573496398766,0.0,0.0,0.0,0.0,0.40098437469864695,0.0,0.0,0.3372253676430466
0,0,1,0.0,12,1,0,0,0,0,0,0,0,0,0,0,0,0,1,0,0,0,0,1,0.0,0.0,0.0,0.0,0.0,0.0,0.7653301553951272,0.0,0.0,0.6436379053807122
0,0,1,0.0,4,4,0,0,0,0,0,0,0,0,0,0,0,0,1,0,0,0,0,1,0.0,0.0,0.0,0.0,0.0,0.0,0.7653301553951272,0.0,0.0,0.6436379053807122
0,0,1,0.0,1,1,0,0,0,0,0,0,0,0,0,0,0,0,1,0,0,0,0,0,0.0,0.0,0.0,0.0,0.0,0.0,0.7653301553951272,0.0,0.0,0.6436379053807122
0,13,38,0.8687709739665752,1823,112,0,0,1,0,0,0,0,0,0,0,0,0,1,0,0,0,0,0,0.0,0.0,0.0,0.0,0.0,0.0,0.0,0.0,0.0,0.0
0,1,3,0.5511111111111111,12,3,0,0,0,0,0,0,0,0,0,0,0,0,1,0,0,0,0,0,0.0,0.0,0.0,0.0,0.0,0.0,0.0,0.0,0.0,1.0
0,5,5,0.536311854752581,99,7,0,0,0,0,0,0,0,0,0,0,0,0,1,0,0,0,0,0,0.0,0.0,0.0,0.0,0.0,0.0,0.0,0.0,0.0,0.0
0,7,10,0.861005949161709,15,28,0,0,1,0,0,0,0,0,0,0,0,0,1,0,0,0,0,0,0.0,0.0,0.0,0.6992115774640014,0.39780951040961116,0.420030215203602,0.0,0.420030215203602,0.0,0.0
0,0,4,0.6474622770919067,21,6,0,0,0,0,0,0,0,0,0,0,0,0,1,0,0,0,0,0,0.0,0.0,1.0,0.0,0.0,0.0,0.0,0.0,0.0,0.0
0,2,6,0.7737499999999999,99,21,0,0,0,0,0,0,0,0,0,0,0,0,1,0,0,0,0,0,0.0,0.0,0.0,0.0,0.5564432445975671,0.5875248571514792,0.0,0.5875248571514792,0.0,0.0
0,1,1,0.0,2,1,0,0,0,0,0,0,0,0,0,0,0,0,1,0,0,0,0,0,0.0,0.0,0.0,0.0,0.0,0.0,0.0,0.0,0.0,0.0
0,1,1,0.0,25,1,0,0,0,0,0,0,0,0,0,0,0,0,1,0,0,0,0,0,0.0,0.0,0.0,0.0,0.0,0.0,0.0,0.0,1.0,0.0
0,1,1,0.0,12,13,0,0,0,0,0,0,0,0,0,0,0,0,1,0,0,1,0,0,0.0,0.0,0.0,0.0,0.0,0.0,0.0,0.0,0.0,0.0
0,2,6,0.7712585034013606,69,15,0,0,0,0,0,0,0,0,0,0,0,0,1,0,0,0,0,0,0.0,0.0,0.0,0.0,0.0,0.0,0.0,0.0,0.0,0.0
0,8,11,0.8877551020408163,14,14,0,0,1,0,0,0,0,0,0,0,0,0,1,0,0,0,0,0,0.0,0.0,0.0,0.6992115774640014,0.39780951040961116,0.420030215203602,0.0,0.420030215203602,0.0,0.0
0,4,4,0.664819944598338,8,11,0,0,1,0,0,0,0,0,0,0,0,0,1,0,0,0,0,0,0.0,0.0,0.0,0.6992115774640014,0.39780951040961116,0.420030215203602,0.0,0.420030215203602,0.0,0.0
0,8,11,0.8877551020408163,14,14,0,0,0,0,0,0,0,0,0,0,0,0,1,0,0,0,0,0,0.0,0.0,0.0,0.0,0.0,0.0,0.0,0.0,0.0,0.0
0,7,10,0.861005949161709,15,28,0,0,0,0,0,0,0,0,0,0,0,0,1,0,0,0,0,0,0.0,0.0,0.0,0.0,0.0,0.0,0.0,0.0,0.0,0.0
0,4,4,0.664819944598338,8,11,0,0,0,0,0,0,0,0,0,0,0,0,1,0,0,0,0,0,0.0,0.0,0.0,0.0,0.0,0.0,0.0,0.0,0.0,0.0
0,0,1,0.0,1,1,0,0,1,0,0,0,0,0,0,0,0,0,1,0,0,0,0,0,0.0,0.0,0.0,0.42633963148941717,0.48512343198365004,0.5122212873357175,0.24113995928123047,0.5122212873357175,0.0,0.0
0,0,1,0.0,1,1,0,0,1,0,0,0,0,0,0,0,0,0,1,0,0,0,0,0,0.0,0.0,0.0,1.0,0.0,0.0,0.0,0.0,0.0,0.0
0,0,1,0.0,1,1,0,0,0,0,0,0,0,0,0,0,0,0,1,0,0,0,0,1,0.0,0.0,0.0,0.0,0.0,0.0,0.7653301553951272,0.0,0.0,0.6436379053807122
0,0,1,0.0,1,1,0,0,0,0,0,0,0,0,0,0,0,0,1,0,0,0,0,1,0.0,0.0,0.0,0.0,0.0,0.0,0.7653301553951272,0.0,0.0,0.6436379053807122
0,0,1,0.0,1,1,0,0,0,0,0,0,0,0,0,0,0,0,1,0,0,0,0,1,0.0,0.0,0.0,0.0,0.0,0.0,0.7653301553951272,0.0,0.0,0.6436379053807122
0,0,1,0.0,1,1,0,0,0,0,0,0,0,0,0,0,0,0,1,0,0,0,0,0,0.0,0.0,0.0,0.0,0.0,0.0,0.0,0.0,0.0,1.0
0,0,1,0.0,1,1,0,0,0,0,0,0,0,0,0,0,0,0,1,0,0,0,0,0,0.0,0.0,0.0,0.0,0.0,0.0,0.0,0.0,0.0,0.0
0,0,1,0.0,1,1,0,0,0,0,0,0,0,0,0,0,0,0,1,0,0,0,0,0,0.0,0.8517573496398766,0.0,0.0,0.0,0.0,0.40098437469864695,0.0,0.0,0.3372253676430466
0,0,1,0.0,1,1,0,0,0,0,0,0,0,0,0,0,0,0,1,0,0,0,0,0,1.0,0.0,0.0,0.0,0.0,0.0,0.0,0.0,0.0,0.0
0,0,1,0.0,2,0,0,0,0,0,0,0,0,0,0,0,0,0,1,0,0,0,0,1,0.0,0.0,0.0,0.0,0.0,0.0,0.7653301553951272,0.0,0.0,0.6436379053807122
0,0,2,0.4444444444444444,3,3,0,0,0,0,0,0,0,0,0,0,0,0,1,0,0,0,0,1,0.0,0.0,0.0,0.0,0.0,0.0,0.7653301553951272,0.0,0.0,0.6436379053807122
0,0,1,0.0,1,1,0,0,0,0,0,0,0,0,0,0,0,0,1,0,0,0,0,1,0.0,0.0,0.0,0.0,0.0,0.0,0.7653301553951272,0.0,0.0,0.6436379053807122
0,3,3,0.1719848566792862,40,3,0,0,0,0,0,0,0,0,0,0,0,0,1,0,0,0,0,0,1.0,0.0,0.0,0.0,0.0,0.0,0.0,0.0,0.0,0.0
0,1,1,0.0,3,3,0,0,0,0,0,0,0,0,0,0,0,0,1,0,0,0,0,0,0.0,0.0,0.0,0.0,0.0,0.0,0.0,0.0,0.0,0.0
0,2,6,0.76,30,10,0,0,0,0,0,0,0,0,0,0,0,0,1,0,0,0,0,0,0.0,0.0,0.0,0.0,0.0,0.0,0.0,0.0,1.0,0.0
0,0,1,0.0,2,1,0,0,0,0,0,0,0,0,0,0,0,0,1,0,0,0,0,1,0.8386414988781025,0.0,0.0,0.0,0.0,0.0,0.4168629333448305,0.0,0.0,0.3505791368045635
0,0,3,0.5710059171597635,18,8,0,0,1,0,0,0,0,0,0,0,0,0,1,0,0,0,0,0,0.0,0.0,0.0,1.0,0.0,0.0,0.0,0.0,0.0,0.0
0,0,1,0.0,1,1,0,0,0,0,0,0,0,0,0,0,0,0,1,0,0,0,0,1,0.0,0.0,0.0,0.0,0.0,0.0,0.7653301553951272,0.0,0.0,0.6436379053807122
0,0,1,0.0,2,0,0,0,0,0,0,0,0,0,0,0,0,0,1,0,0,0,0,1,0.0,0.0,0.0,0.0,0.0,0.0,0.7653301553951272,0.0,0.0,0.6436379053807122
0,0,2,0.49382716049382713,5,4,0,0,0,0,0,0,0,0,0,0,0,0,1,0,0,0,0,1,0.0,0.0,0.0,0.0,0.0,0.0,0.7653301553951272,0.0,0.0,0.6436379053807122
0,0,1,0.0,3,1,0,0,0,0,0,0,0,0,0,0,0,0,1,0,0,0,0,1,0.0,0.0,0.0,0.0,0.0,0.0,0.7653301553951272,0.0,0.0,0.6436379053807122
0,0,1,0.0,2,1,0,0,0,0,0,0,0,0,0,0,0,0,1,0,0,0,0,1,0.0,0.0,0.9191993307415464,0.0,0.0,0.0,0.0,0.0,0.0,0.3937925727642578
0,0,1,0.0,2,2,0,0,0,0,0,0,0,0,0,0,0,0,1,0,0,0,0,1,0.0,0.0,0.9191993307415464,0.0,0.0,0.0,0.0,0.0,0.0,0.3937925727642578
0,0,1,0.0,1,1,0,0,0,0,0,0,0,0,0,0,0,0,1,0,0,0,0,1,0.0,0.0,0.9191993307415464,0.0,0.0,0.0,0.0,0.0,0.0,0.3937925727642578
0,0,1,0.0,1,1,0,0,0,0,0,0,0,0,0,0,0,0,1,0,0,0,0,1,0.0,0.0,0.9191993307415464,0.0,0.0,0.0,0.0,0.0,0.0,0.3937925727642578
0,0,1,0.0,1,1,0,0,0,0,0,0,0,0,0,0,0,0,1,0,0,0,0,1,0.0,0.0,0.9191993307415464,0.0,0.0,0.0,0.0,0.0,0.0,0.3937925727642578
0,0,1,0.0,22,21,0,0,0,0,0,0,0,0,0,0,0,0,1,0,0,0,0,1,0.0,0.0,0.9191993307415464,0.0,0.0,0.0,0.0,0.0,0.0,0.3937925727642578
0,0,2,0.5,2,2,0,0,0,0,0,0,0,0,0,0,0,0,1,0,0,0,0,1,0.0,0.0,0.9191993307415464,0.0,0.0,0.0,0.0,0.0,0.0,0.3937925727642578
0,0,2,0.375,5,3,0,0,0,0,0,0,0,0,0,0,0,0,1,0,0,0,0,1,0.0,0.0,0.9191993307415464,0.0,0.0,0.0,0.0,0.0,0.0,0.3937925727642578
0,6,12,0.8064703669505147,128,43,0,0,1,0,0,0,0,0,0,0,0,0,1,0,0,0,0,0,0.0,0.0,0.0,1.0,0.0,0.0,0.0,0.0,0.0,0.0
0,0,1,0.0,2,11,0,0,0,0,0,0,0,0,0,0,0,0,1,0,0,0,0,0,0.0,0.0,0.0,0.0,1.0,0.0,0.0,0.0,0.0,0.0
0,0,1,0.0,1,1,0,0,0,0,0,0,0,0,0,0,0,0,1,0,0,0,0,1,0.0,0.0,0.0,0.0,0.0,0.0,0.7653301553951272,0.0,0.0,0.6436379053807122
0,0,1,0.0,2,11,0,0,0,0,0,0,0,0,0,0,0,0,1,0,0,0,0,0,0.3565449309538526,0.0,0.0,0.0,0.3565449309538526,0.3764606932702479,0.0,0.3764606932702479,0.6799309650745389,0.0
0,5,7,0.82421875,23,9,0,0,0,0,0,0,0,0,0,0,0,0,1,0,0,0,0,0,0.7237334525998316,0.0,0.0,0.0,0.0,0.0,0.0,0.0,0.6900796255418119,0.0
0,0,2,0.19753086419753085,10,8,0,0,0,0,0,0,0,0,0,0,0,0,1,0,0,0,0,1,0.0,0.0,0.9191993307415464,0.0,0.0,0.0,0.0,0.0,0.0,0.3937925727642578
0,0,4,0.7083333333333333,7,5,0,0,0,0,0,0,0,0,0,0,0,0,1,0,0,0,0,0,0.9226290094152231,0.0,0.0,0.0,0.0,0.0,0.0,0.0,0.0,0.38568861920658765
0,0,1,0.0,4,4,0,0,0,0,0,0,0,0,0,0,0,0,1,0,0,0,0,0,0.0,0.0,0.0,0.0,1.0,0.0,0.0,0.0,0.0,0.0
0,1,3,0.6419753086419753,6,3,0,0,1,0,0,0,0,0,0,0,0,0,1,0,0,0,0,0,0.0,0.0,0.0,1.0,0.0,0.0,0.0,0.0,0.0,0.0
0,0,1,0.0,4,4,0,0,0,0,0,0,0,0,0,0,0,0,1,0,0,0,0,0,0.0,0.0,0.0,0.0,0.0,0.0,0.0,0.0,0.0,1.0
0,0,1,0.0,9,1,0,0,0,0,0,0,0,0,0,0,0,0,1,0,0,0,0,1,0.0,0.0,0.0,0.0,0.0,0.0,0.7653301553951272,0.0,0.0,0.6436379053807122
0,0,1,0.0,1,1,0,0,0,0,0,0,0,0,0,0,0,0,1,0,0,0,0,1,0.0,0.0,0.0,0.0,0.0,0.0,0.7653301553951272,0.0,0.0,0.6436379053807122
0,0,2,0.5,2,2,0,0,0,0,0,0,0,0,0,0,0,0,1,0,0,0,0,1,0.0,0.0,0.0,0.0,0.0,0.0,0.7653301553951272,0.0,0.0,0.6436379053807122
0,0,1,0.0,1,1,0,0,0,0,0,0,0,0,0,0,0,0,1,0,0,0,0,1,0.0,0.0,0.0,0.0,0.0,0.0,0.7653301553951272,0.0,0.0,0.6436379053807122
0,0,1,0.0,0,11,0,0,0,0,0,0,0,0,0,0,0,0,1,0,0,0,0,0,0.0,0.0,0.0,0.0,0.0,0.0,0.0,0.0,0.0,0.0
0,0,1,0.0,2,0,0,0,0,0,0,0,0,0,0,0,0,0,1,0,0,0,0,0,0.0,0.0,0.0,0.0,0.0,0.0,0.0,0.0,1.0,0.0
0,0,2,0.49382716049382713,7,2,0,0,0,0,0,0,0,0,0,0,0,0,1,0,0,0,0,1,0.0,0.0,0.0,0.0,0.0,0.0,0.7653301553951272,0.0,0.0,0.6436379053807122
0,0,1,0.0,1,1,0,0,0,0,0,0,0,0,0,0,0,0,1,0,0,0,0,1,0.0,0.0,0.0,0.0,0.0,0.0,0.7653301553951272,0.0,0.0,0.6436379053807122
0,0,2,0.5,2,2,0,0,0,0,0,0,0,0,0,0,0,0,1,0,0,0,0,1,0.0,0.0,0.0,0.0,0.0,0.0,0.7653301553951272,0.0,0.0,0.6436379053807122
0,0,1,0.0,2,0,0,0,0,0,0,0,0,0,0,0,0,0,1,0,0,0,0,1,0.0,0.0,0.0,0.0,0.0,0.0,0.7653301553951272,0.0,0.0,0.6436379053807122
0,0,1,0.0,1,1,0,0,0,0,0,0,0,0,0,0,0,0,1,0,0,0,0,1,0.0,0.8517573496398766,0.0,0.0,0.0,0.0,0.40098437469864695,0.0,0.0,0.3372253676430466
0,0,1,0.0,4,4,0,0,0,0,0,0,0,0,0,0,0,0,1,0,0,0,0,1,0.0,0.8517573496398766,0.0,0.0,0.0,0.0,0.40098437469864695,0.0,0.0,0.3372253676430466
0,0,2,0.345679012345679,8,1,0,0,0,0,0,0,0,0,0,0,0,0,1,0,0,0,0,1,0.0,0.8517573496398766,0.0,0.0,0.0,0.0,0.40098437469864695,0.0,0.0,0.3372253676430466
0,0,2,0.375,7,1,0,0,0,0,0,0,0,0,0,0,0,0,1,0,0,0,0,1,0.0,0.0,0.0,0.0,0.0,0.0,0.7653301553951272,0.0,0.0,0.6436379053807122
0,0,1,0.0,2,4,0,0,0,0,0,0,0,0,0,0,0,0,1,0,0,0,0,1,0.0,0.0,0.0,0.0,0.0,0.0,0.7653301553951272,0.0,0.0,0.6436379053807122
0,0,1,0.0,8,0,0,0,0,0,0,0,0,0,0,0,0,0,1,0,0,0,0,1,0.0,0.0,0.0,0.0,0.0,0.0,0.7653301553951272,0.0,0.0,0.6436379053807122
0,0,1,0.0,1,1,0,0,0,0,0,0,0,0,0,0,0,0,1,0,0,0,0,1,0.0,0.0,0.0,0.0,0.0,0.0,0.7653301553951272,0.0,0.0,0.6436379053807122
0,0,1,0.0,2,0,0,0,0,0,0,0,0,0,0,0,0,0,1,0,0,0,0,1,0.0,0.0,0.0,0.0,0.0,0.0,0.7653301553951272,0.0,0.0,0.6436379053807122
0,0,1,0.0,53,4,0,0,0,0,0,0,0,0,0,0,0,0,1,0,0,0,0,1,0.0,0.0,0.0,0.0,0.0,0.0,0.7653301553951272,0.0,0.0,0.6436379053807122
0,0,1,0.0,2,2,0,0,0,0,0,0,0,0,0,0,0,0,1,0,0,0,0,1,0.0,0.0,0.0,0.0,0.0,0.0,0.7653301553951272,0.0,0.0,0.6436379053807122
0,1,2,0.4444444444444444,3,3,0,0,0,0,0,0,0,0,0,0,0,0,1,0,0,0,0,1,0.0,0.0,0.0,0.0,0.0,0.0,0.7653301553951272,0.0,0.0,0.6436379053807122
0,1,4,0.6659729448491154,20,11,0,0,0,0,0,0,0,0,0,0,0,0,1,0,0,0,0,1,0.0,0.0,0.0,0.0,0.0,0.0,0.7653301553951272,0.0,0.0,0.6436379053807122
0,0,1,0.0,2,2,0,0,0,0,0,0,0,0,0,0,0,0,1,0,0,0,0,1,0.0,0.0,0.0,0.0,0.0,0.0,0.7653301553951272,0.0,0.0,0.6436379053807122
0,0,1,0.0,2,4,0,0,0,0,0,0,0,0,0,0,0,0,1,0,0,0,0,1,0.0,0.0,0.0,0.0,0.0,0.0,0.7653301553951272,0.0,0.0,0.6436379053807122
0,0,1,0.0,1,1,0,0,0,0,0,0,0,0,0,0,0,0,1,0,0,0,0,1,0.0,0.0,0.0,0.0,0.0,0.0,0.7653301553951272,0.0,0.0,0.6436379053807122
0,0,1,0.0,1,1,0,0,0,0,0,0,0,0,0,0,0,0,1,0,0,0,0,1,0.0,0.0,0.0,0.0,0.0,0.0,0.7653301553951272,0.0,0.0,0.6436379053807122
0,0,1,0.0,8,16,0,0,0,0,0,0,0,0,0,0,0,0,1,0,0,0,0,1,0.0,0.0,0.0,0.0,0.0,0.0,0.7653301553951272,0.0,0.0,0.6436379053807122
0,0,1,0.0,38,67,0,0,0,0,0,0,0,0,0,0,0,0,1,0,0,0,0,1,0.0,0.0,0.0,0.0,0.0,0.0,0.7653301553951272,0.0,0.0,0.6436379053807122
0,1,1,0.0,2,1,0,0,0,0,0,0,0,0,0,0,0,0,1,0,0,0,0,0,0.0,0.0,0.0,0.0,0.0,0.0,0.0,0.0,0.0,1.0
0,0,1,0.0,1,1,0,0,0,0,0,0,0,0,0,0,0,0,1,0,0,0,0,0,0.0,0.0,0.0,0.0,0.0,0.0,0.0,0.0,0.0,1.0
0,23,81,0.9193663085248431,543,308,0,0,0,0,0,0,0,0,0,0,0,0,1,0,0,0,0,0,0.0,0.0,0.0,0.0,0.0,0.0,0.0,0.0,0.0,1.0
0,8,12,0.7561821539570289,113,36,0,0,0,0,0,0,0,0,0,0,0,0,1,0,0,0,0,0,0.0,0.0,0.0,0.0,0.0,0.0,0.0,0.0,0.0,0.0
0,0,1,0.0,8,1,0,0,0,0,0,0,0,0,0,0,0,0,1,0,0,0,0,1,0.0,0.0,0.0,0.0,0.0,0.0,0.7653301553951272,0.0,0.0,0.6436379053807122
0,0,1,0.0,0,0,0,0,0,0,0,0,0,0,0,0,0,0,1,0,0,0,0,0,0.0,0.0,0.0,0.0,0.0,0.0,0.0,0.0,0.0,0.0
0,14,44,0.7374184328782214,178,63,0,0,0,0,0,0,0,0,0,0,0,0,1,0,0,0,0,0,1.0,0.0,0.0,0.0,0.0,0.0,0.0,0.0,0.0,0.0
0,1,6,0.6967592592592592,4,68,0,0,0,0,0,0,0,0,0,0,0,0,1,0,0,0,0,0,0.0,0.0,0.0,0.0,0.0,0.0,0.0,0.0,0.0,0.0
0,30,177,0.9798870197222244,25255,1,0,0,0,0,0,0,0,0,0,0,0,0,1,0,0,0,0,0,0.0,0.0,0.0,0.0,0.0,0.0,0.0,0.0,0.0,0.0
0,0,1,0.0,1,0,0,0,0,0,0,0,0,0,0,0,0,0,1,0,0,0,0,0,0.0,0.0,0.0,0.0,0.0,0.0,0.0,0.0,1.0,0.0
0,0,1,0.0,202,0,0,0,0,0,0,0,0,0,0,0,0,0,1,0,0,0,0,0,0.0,0.0,0.0,0.0,0.0,0.0,0.0,0.0,0.0,0.0
